390
521
381
332
659
382
258
444
517
585
452
803
568
733
606
679
745
658
658
786
374
493
480
621
300
703
565
682
796
217
450
520
320
393
643
272
362
541
717
713
632
782
581
485
769
404
581
789
680
505
770
479
542
360
558
351
761
594
562
734
632
347
804
622
645
613
526
387
414
516
446
649
562
699
562
147
598
788
599
587
423
438
680
461
700
577
656
673
608
620
544
695
676
684
520
482
417
621
273
796
587
557
501
620
593
693
454
463
491
607
326
563
631
528
400
553
530
607
356
681
673
362
632
671
671
683
