410
534
478
449
747
454
388
616
454
644
480
484
24
543
713
661
738
643
416
650
550
501
534
562
232
765
606
649
732
187
416
746
313
330
329
230
137
407
394
640
641
855
664
307
783
536
689
797
704
510
709
452
417
463
600
273
692
543
582
891
599
267
852
554
690
553
268
546
883
589
565
642
607
690
463
284
1197
601
608
483
423
413
307
292
692
576
631
465
381
452
420
647
639
741
659
594
526
654
244
800
669
536
658
523
681
768
498
811
678
699
464
725
809
588
387
524
540
589
156
679
641
378
516
678
698
652
